0.203390 0.302873 0.493737
0.372050 0.242216 0.385735
0.489424 0.194919 0.315657
0.174706 0.382587 0.442707
0.442931 0.338810 0.218259
0.248719 0.321788 0.429493
0.452881 0.346447 0.200672
0.235268 0.520163 0.244569
0.319369 0.365578 0.315052
0.289651 0.358310 0.352039
0.304889 0.343601 0.351510
0.319787 0.221445 0.458768
0.362515 0.239770 0.397715
0.423028 0.287858 0.289114
0.269978 0.353138 0.376884
0.499231 0.250728 0.250041
0.219407 0.429332 0.351260
0.264571 0.399964 0.335465
0.583071 0.147181 0.269748
0.384431 0.172319 0.443250
0.220323 0.418997 0.360680
0.443152 0.286797 0.270051
0.343009 0.197819 0.459173
0.495690 0.214721 0.289590
0.229301 0.368628 0.402071
0.423931 0.318177 0.257892
0.424625 0.390650 0.184725
0.425668 0.214237 0.360096
0.404579 0.316028 0.279393
0.372892 0.222183 0.404925
0.323305 0.306890 0.369806
0.350553 0.199933 0.449514
0.427957 0.282822 0.289221
0.267048 0.283413 0.449539
0.295761 0.215964 0.488275
0.327813 0.340958 0.331229
0.428940 0.271817 0.299242
0.132884 0.403885 0.463231
0.525779 0.223890 0.250331
0.434466 0.248791 0.316743
0.285949 0.371559 0.342491
0.498350 0.152378 0.349273
0.297960 0.247318 0.454722
0.439146 0.207969 0.352885
0.446947 0.194506 0.358547
0.392848 0.189591 0.417561
0.220697 0.336511 0.442793
0.196568 0.276376 0.527056
0.246553 0.392239 0.361208
0.140876 0.196995 0.662129
0.340774 0.345803 0.313423
0.336455 0.327538 0.336006
0.316119 0.230443 0.453438
0.497879 0.236098 0.266022
0.232383 0.402680 0.364936
0.264060 0.323474 0.412466
0.262344 0.400522 0.337133
0.303712 0.271054 0.425235
0.282446 0.366795 0.350759
0.465428 0.184818 0.349754
0.367411 0.284078 0.348512
0.562230 0.180290 0.257480
0.513744 0.190436 0.295820
0.372002 0.221684 0.406314
0.300553 0.309756 0.389691
0.223250 0.481947 0.294803
0.330916 0.261315 0.407768
0.150197 0.249209 0.600594
0.458470 0.254139 0.287391
0.419793 0.259912 0.320295
0.295026 0.236199 0.468774
0.335962 0.418680 0.245357
0.511268 0.174206 0.314526
0.541007 0.188424 0.270569
0.310919 0.346946 0.342134
